latitude: 43.852594
longitude: 125.3267807
altitude: 235.893
cg_in_imu: [0.0,0.0,0.0]
