latitude: 43.8540932
longitude: 125.3222279
altitude: 232.509
cg_in_imu: [0.0,0.0,0.0]
