latitude: 43.8528556
longitude: 125.3277392
altitude: 236.117
cg_in_imu: [0.0,0.0,0.0]
